Tamanho da página | Tempo médio por acesso
1 0.0028000
2 0.0029500
3 0.0039667
4 0.0032500
5 0.0043600
6 0.0044833
7 0.0039429
8 0.0063125
9 0.0051111
10 0.0051100
11 0.0046818
12 0.0052250
13 0.0045231
14 0.0050286
15 0.0033133
16 0.0057500
17 0.0048882
18 0.0047778
19 0.0042105
20 0.0044850
21 0.0049143
22 0.0046045
23 0.0041652
24 0.0043708
25 0.0045640
26 0.0047269
27 0.0039370
28 0.0038250
29 0.0038862
30 0.0051833
31 0.0045613
32 0.0053344
33 0.0052818
34 0.0055824
35 0.0054714
36 0.0034444
37 0.0032162
38 0.0038342
39 0.0034897
40 0.0032525
41 0.0037000
42 0.0037238
43 0.0043047
44 0.0034477
45 0.0056444
46 0.0034152
47 0.0045660
48 0.0034458
49 0.0032367
50 0.0032320
51 0.0038765
52 0.0053269
53 0.0038943
54 0.0029537
55 0.0033127
56 0.0036589
57 0.0032035
58 0.0033517
59 0.0036102
60 0.0032850
61 0.0053869
62 0.0043532
63 0.0050333
64 0.0049578
65 0.0049154
66 0.0047848
67 0.0035000
68 0.0053456
69 0.0044261
70 0.0057014
71 0.0034085
72 0.0047653
73 0.0037479
74 0.0049419
75 0.0096133
76 0.0055776
77 0.0050831
78 0.0050974
79 0.0048481
80 0.0033987
81 0.0058272
82 0.0041049
83 0.0051506
84 0.0049369
85 0.0047412
86 0.0045640
87 0.0034069
88 0.0034034
89 0.0046337
90 0.0058378
91 0.0040110
92 0.0035772
93 0.0043118
94 0.0035872
95 0.0037811
96 0.0037781
97 0.0033887
98 0.0034153
99 0.0037434
100 0.0044460
101 0.0036416
102 0.0044353
103 0.0042874
104 0.0045529
105 0.0042743
106 0.0047396
107 0.0049346
108 0.0062176
109 0.0050477
110 0.0050773
111 0.0041793
112 0.0052473
113 0.0055292
114 0.0051263
115 0.0051087
116 0.0041112
117 0.0048846
118 0.0047856
119 0.0040109
120 0.0050925
121 0.0056587
122 0.0056721
123 0.0051650
124 0.0053444
125 0.0053816
126 0.0049508
127 0.0060457
128 0.0039742
129 0.0039233
130 0.0049715
131 0.0034336
132 0.0038477
133 0.0050008
134 0.0040993
135 0.0037956
136 0.0049449
137 0.0042496
138 0.0051630
139 0.0050022
140 0.0051329
141 0.0041617
142 0.0036690
143 0.0034196
144 0.0051882
145 0.0047876
146 0.0038966
147 0.0042912
148 0.0059459
149 0.0051919
150 0.0042373
151 0.0050437
152 0.0044914
153 0.0037242
154 0.0045065
155 0.0039155
156 0.0052250
157 0.0047134
158 0.0052703
159 0.0058233
160 0.0050781
161 0.0048398
162 0.0061012
163 0.0042184
164 0.0041915
165 0.0045933
166 0.0051639
167 0.0051467
168 0.0047131
169 0.0042769
170 0.0049653
171 0.0044632
172 0.0051262
173 0.0049607
174 0.0044241
175 0.0043143
176 0.0050006
177 0.0051017
178 0.0051815
179 0.0051207
180 0.0049706
181 0.0050558
182 0.0051962
183 0.0052301
184 0.0046424
185 0.0038962
186 0.0051554
187 0.0053053
188 0.0052840
189 0.0039968
190 0.0063158
191 0.0065099
192 0.0055286
193 0.0047440
194 0.0050789
195 0.0050621
196 0.0052454
197 0.0051990
198 0.0045727
199 0.0046970
200 0.0050680
201 0.0048318
202 0.0047629
203 0.0047961
204 0.0050598
205 0.0053205
206 0.0050058
207 0.0046831
208 0.0039312
209 0.0050947
210 0.0035895
211 0.0042583
212 0.0048453
213 0.0038948
214 0.0045986
215 0.0046809
216 0.0044912
217 0.0049189
218 0.0052303
219 0.0045626
220 0.0036891
221 0.0050217
222 0.0036410
223 0.0049188
224 0.0048951
225 0.0048333
226 0.0047522
227 0.0059233
228 0.0050083
229 0.0053987
230 0.0053987
231 0.0042372
232 0.0045573
233 0.0045026
234 0.0052154
235 0.0041591
236 0.0042534
237 0.0048312
238 0.0048807
239 0.0051912
240 0.0043108
241 0.0042203
242 0.0052731
243 0.0040815
244 0.0052869
245 0.0040869
246 0.0051606
247 0.0044587
248 0.0041960
249 0.0046711
250 0.0047060
251 0.0049888
252 0.0060448
253 0.0051787
254 0.0059969
255 0.0049239
256 0.0045594
257 0.0037549
258 0.0049868
259 0.0045483
260 0.0045365
261 0.0049065
262 0.0050076
263 0.0042798
264 0.0037045
265 0.0048830
266 0.0059274
267 0.0047064
268 0.0039679
269 0.0052710
270 0.0044889
271 0.0042908
272 0.0046489
273 0.0040762
274 0.0045372
275 0.0048345
276 0.0073562
277 0.0053740
278 0.0054727
279 0.0049728
280 0.0049779
281 0.0042883
282 0.0055025
283 0.0038042
284 0.0049482
285 0.0053323
286 0.0046259
287 0.0051164
288 0.0048441
289 0.0048512
290 0.0043459
291 0.0047076
292 0.0052096
293 0.0044980
294 0.0044146
295 0.0043366
296 0.0044341
297 0.0046963
298 0.0048158
299 0.0050716
300 0.0048043
301 0.0051950
302 0.0051702
303 0.0047076
304 0.0049349
305 0.0043646
306 0.0043559
307 0.0052036
308 0.0049364
309 0.0050233
310 0.0049132
311 0.0045248
312 0.0049513
313 0.0043997
314 0.0054691
315 0.0047746
316 0.0045658
317 0.0047858
318 0.0048670
319 0.0042185
320 0.0052881
321 0.0047065
322 0.0044540
323 0.0049368
324 0.0052651
325 0.0048095
326 0.0046426
327 0.0049969
328 0.0051616
329 0.0047696
330 0.0039645
331 0.0040353
332 0.0039355
333 0.0040039
334 0.0044982
335 0.0046534
336 0.0057095
337 0.0047318
338 0.0074257
339 0.0043336
340 0.0054932
341 0.0049604
342 0.0054050
343 0.0052131
344 0.0053962
345 0.0052104
346 0.0055197
347 0.0042637
348 0.0054575
349 0.0050521
350 0.0042940
351 0.0051752
352 0.0043352
353 0.0044280
354 0.0038531
355 0.0051851
356 0.0043697
357 0.0051014
358 0.0055737
359 0.0049930
360 0.0048875
361 0.0047319
362 0.0048655
363 0.0053003
364 0.0043769
365 0.0047447
366 0.0051590
367 0.0047646
368 0.0045220
369 0.0049331
370 0.0051297
371 0.0049084
372 0.0045624
373 0.0050214
374 0.0041024
375 0.0046141
376 0.0048928
377 0.0052111
378 0.0050151
379 0.0047931
380 0.0041476
381 0.0047659
382 0.0051971
383 0.0048820
384 0.0049732
385 0.0038670
386 0.0047736
387 0.0045879
388 0.0054036
389 0.0045175
390 0.0044331
391 0.0051609
392 0.0053452
393 0.0051555
394 0.0051990
395 0.0053463
396 0.0045124
397 0.0042579
398 0.0046636
399 0.0044396
400 0.0049230
401 0.0049691
402 0.0039333
403 0.0049012
404 0.0054297
405 0.0050084
406 0.0041254
407 0.0043663
408 0.0044478
409 0.0048098
410 0.0052968
411 0.0049482
412 0.0048917
413 0.0050753
414 0.0052874
415 0.0043034
416 0.0051538
417 0.0050302
418 0.0053270
419 0.0036971
420 0.0047736
421 0.0045059
422 0.0040069
423 0.0052764
424 0.0044219
425 0.0042765
426 0.0043056
427 0.0048323
428 0.0050879
429 0.0048443
430 0.0048884
431 0.0047411
432 0.0049106
433 0.0046610
434 0.0047804
435 0.0049485
436 0.0044378
437 0.0053725
438 0.0052989
439 0.0048203
440 0.0047377
441 0.0041760
442 0.0042932
443 0.0048289
444 0.0046234
445 0.0041901
446 0.0043359
447 0.0051246
448 0.0044185
449 0.0047452
450 0.0051907
451 0.0049823
452 0.0054808
453 0.0047936
454 0.0048714
455 0.0049345
456 0.0046921
457 0.0055204
458 0.0044576
459 0.0053488
460 0.0045022
461 0.0045731
462 0.0049768
463 0.0046194
464 0.0052177
465 0.0073409
466 0.0048277
467 0.0042844
468 0.0043949
469 0.0046923
470 0.0044121
471 0.0051365
472 0.0048858
473 0.0053778
474 0.0044806
475 0.0053269
476 0.0043908
477 0.0046669
478 0.0069782
479 0.0054658
480 0.0059210
481 0.0048948
482 0.0052050
483 0.0048963
484 0.0042374
485 0.0054019
486 0.0049835
487 0.0043836
488 0.0041742
489 0.0049178
490 0.0049902
491 0.0048418
492 0.0049327
493 0.0048884
494 0.0041486
495 0.0040745
496 0.0051343
497 0.0054690
498 0.0053916
499 0.0050130
500 0.0049158
501 0.0042818
502 0.0045572
503 0.0051306
504 0.0050282
505 0.0053230
506 0.0048848
507 0.0052132
508 0.0050866
509 0.0049310
510 0.0044247
511 0.0047008
512 0.0044316
513 0.0049454
514 0.0067696
515 0.0050584
516 0.0049824
517 0.0051944
518 0.0050529
519 0.0050000
520 0.0039565
521 0.0047777
522 0.0051973
523 0.0045813
524 0.0049176
525 0.0051499
526 0.0049468
527 0.0051856
528 0.0050913
529 0.0050180
530 0.0047934
531 0.0050693
532 0.0038006
533 0.0049150
534 0.0046324
535 0.0049202
536 0.0051403
537 0.0045026
538 0.0047032
539 0.0045466
540 0.0051020
541 0.0048961
542 0.0043371
543 0.0044138
544 0.0046460
545 0.0076169
546 0.0049183
547 0.0046298
548 0.0048495
549 0.0047913
550 0.0051184
551 0.0054688
552 0.0047984
553 0.0043573
554 0.0043408
555 0.0044573
556 0.0045056
557 0.0043269
558 0.0049629
559 0.0041093
560 0.0044679
561 0.0049029
562 0.0053715
563 0.0050631
564 0.0046431
565 0.0048531
566 0.0050094
567 0.0050984
568 0.0048991
569 0.0051004
570 0.0047298
571 0.0044863
572 0.0042955
573 0.0041283
574 0.0047794
575 0.0048988
576 0.0048019
577 0.0038471
578 0.0049052
579 0.0039328
580 0.0040212
581 0.0048981
582 0.0054072
583 0.0046148
584 0.0056647
585 0.0045379
586 0.0050906
587 0.0049066
588 0.0046604
589 0.0052183
590 0.0048075
591 0.0043130
592 0.0046061
593 0.0042354
594 0.0043987
595 0.0049242
596 0.0050148
597 0.0057040
598 0.0042415
599 0.0050955
600 0.0046568
601 0.0047671
602 0.0047939
603 0.0049806
604 0.0045005
605 0.0045304
606 0.0044513
607 0.0053150
608 0.0050558
609 0.0043360
610 0.0050515
611 0.0051802
612 0.0048624
613 0.0037891
614 0.0045451
615 0.0048522
616 0.0048214
617 0.0046219
618 0.0045293
619 0.0046152
620 0.0049131
621 0.0046870
622 0.0048238
623 0.0047138
624 0.0047194
625 0.0049338
626 0.0049562
627 0.0050329
628 0.0054228
629 0.0052127
630 0.0046617
631 0.0052011
632 0.0051633
633 0.0047231
634 0.0044806
635 0.0048398
636 0.0048112
637 0.0051557
638 0.0048433
639 0.0050038
640 0.0050050
641 0.0049630
642 0.0047084
643 0.0048691
644 0.0043761
645 0.0048620
646 0.0044867
647 0.0042482
648 0.0044824
649 0.0050060
650 0.0049500
651 0.0041158
652 0.0047184
653 0.0048432
654 0.0047635
655 0.0048009
656 0.0052724
657 0.0039342
658 0.0043117
659 0.0050357
660 0.0049580
661 0.0049074
662 0.0049074
663 0.0049587
664 0.0047630
665 0.0051441
666 0.0042093
667 0.0048714
668 0.0050433
669 0.0048710
670 0.0051343
671 0.0052095
672 0.0051990
673 0.0051088
674 0.0052136
675 0.0049191
676 0.0049322
677 0.0042999
678 0.0041096
679 0.0051549
680 0.0049190
681 0.0048188
682 0.0045575
683 0.0045824
684 0.0052904
685 0.0045307
686 0.0052359
687 0.0047098
688 0.0052023
689 0.0046882
690 0.0052884
691 0.0045191
692 0.0050585
693 0.0053779
694 0.0050267
695 0.0045233
696 0.0051928
697 0.0043529
698 0.0051453
699 0.0050117
700 0.0057570
701 0.0049016
702 0.0052110
703 0.0050741
704 0.0049649
705 0.0047881
706 0.0050970
707 0.0047805
708 0.0045648
709 0.0044394
710 0.0051480
711 0.0048188
712 0.0058854
713 0.0049982
714 0.0049025
715 0.0045372
716 0.0049451
717 0.0051908
718 0.0045216
719 0.0052177
720 0.0041504
721 0.0048854
722 0.0042748
723 0.0050472
724 0.0039275
725 0.0046417
726 0.0050871
727 0.0043334
728 0.0048242
729 0.0053964
730 0.0046605
731 0.0048397
732 0.0044460
733 0.0050693
734 0.0048417
735 0.0047106
736 0.0049023
737 0.0059269
738 0.0049267
739 0.0049587
740 0.0049073
741 0.0052424
742 0.0051271
743 0.0048755
744 0.0047758
745 0.0052561
746 0.0049475
747 0.0051782
748 0.0040465
749 0.0047009
750 0.0043263
751 0.0048788
752 0.0050676
753 0.0050234
754 0.0050312
755 0.0054132
756 0.0046755
757 0.0054782
758 0.0046032
759 0.0048323
760 0.0048307
761 0.0041361
762 0.0047807
763 0.0047402
764 0.0053945
765 0.0051003
766 0.0047570
767 0.0042893
768 0.0041474
769 0.0050711
770 0.0049964
771 0.0050022
772 0.0050291
773 0.0047724
774 0.0050204
775 0.0051683
776 0.0046954
777 0.0074821
778 0.0051481
779 0.0050815
780 0.0049132
781 0.0042040
782 0.0050742
783 0.0051825
784 0.0047304
785 0.0045014
786 0.0050093
787 0.0048668
788 0.0051938
789 0.0051035
790 0.0047444
791 0.0048432
792 0.0044268
793 0.0047622
794 0.0061105
795 0.0051326
796 0.0041269
797 0.0051127
798 0.0045322
799 0.0045791
800 0.0049644
801 0.0040301
802 0.0049264
803 0.0045701
804 0.0050578
805 0.0049950
806 0.0046906
807 0.0049748
808 0.0043402
809 0.0044370
810 0.0051802
811 0.0044273
812 0.0062042
813 0.0046160
814 0.0047941
815 0.0044642
816 0.0053286
817 0.0048966
818 0.0041713
819 0.0054070
820 0.0048596
821 0.0047419
822 0.0043117
823 0.0048232
824 0.0049050
825 0.0044770
826 0.0048199
827 0.0045260
828 0.0047558
829 0.0046035
830 0.0047442
831 0.0046108
832 0.0047502
833 0.0050558
834 0.0048314
835 0.0043989
836 0.0049594
837 0.0047125
838 0.0050210
839 0.0049069
840 0.0048175
841 0.0050490
842 0.0048612
843 0.0047060
844 0.0046742
845 0.0057614
846 0.0044583
847 0.0053267
848 0.0049623
849 0.0050799
850 0.0047671
851 0.0051110
852 0.0054061
853 0.0046331
854 0.0050187
855 0.0048840
856 0.0046979
857 0.0046946
858 0.0047843
859 0.0047939
860 0.0050462
861 0.0044992
862 0.0049803
863 0.0043667
864 0.0047767
865 0.0049913
866 0.0045897
867 0.0048631
868 0.0046976
869 0.0044550
870 0.0056723
871 0.0047660
872 0.0048479
873 0.0051584
874 0.0045465
875 0.0051166
876 0.0044613
877 0.0054993
878 0.0060870
879 0.0052653
880 0.0048157
881 0.0047754
882 0.0048822
883 0.0050546
884 0.0041262
885 0.0045741
886 0.0051884
887 0.0047658
888 0.0050905
889 0.0048694
890 0.0048811
891 0.0047272
892 0.0047544
893 0.0047876
894 0.0045299
895 0.0050133
896 0.0051891
897 0.0046708
898 0.0048963
899 0.0047462
900 0.0047207
901 0.0047699
902 0.0048941
903 0.0046697
904 0.0043475
905 0.0041307
906 0.0053561
907 0.0050440
908 0.0045021
909 0.0044706
910 0.0045986
911 0.0049422
912 0.0048913
913 0.0053045
914 0.0051966
915 0.0049376
916 0.0053120
917 0.0050638
918 0.0041853
919 0.0050111
920 0.0050880
921 0.0047132
922 0.0049991
923 0.0050426
924 0.0053518
925 0.0047051
926 0.0043038
927 0.0048771
928 0.0044532
929 0.0046598
930 0.0045757
931 0.0037179
932 0.0052983
933 0.0054578
934 0.0047731
935 0.0042617
936 0.0050315
937 0.0046916
938 0.0047380
939 0.0047359
940 0.0048916
941 0.0051503
942 0.0039510
943 0.0047212
944 0.0052371
945 0.0052277
946 0.0047827
947 0.0051442
948 0.0047533
949 0.0045864
950 0.0050721
951 0.0051047
952 0.0056433
953 0.0049999
954 0.0051358
955 0.0045504
956 0.0046184
957 0.0050699
958 0.0045641
959 0.0040654
960 0.0051250
961 0.0047399
962 0.0049621
963 0.0056923
964 0.0048090
965 0.0068809
966 0.0046122
967 0.0046071
968 0.0057782
969 0.0047218
970 0.0046259
971 0.0042680
972 0.0048208
973 0.0050474
974 0.0047479
975 0.0051586
976 0.0048222
977 0.0050900
978 0.0046081
979 0.0052404
980 0.0056262
981 0.0049198
982 0.0059665
983 0.0049558
984 0.0049830
985 0.0047118
986 0.0055613
987 0.0046545
988 0.0049919
989 0.0045678
990 0.0050804
991 0.0053065
992 0.0054292
993 0.0052305
994 0.0050360
995 0.0050705
996 0.0051425
997 0.0050957
998 0.0052881
999 0.0052831
1000 0.0052105
1001 0.0049321
1002 0.0056371
1003 0.0051291
1004 0.0054072
1005 0.0054413
1006 0.0053538
1007 0.0052018
1008 0.0048075
1009 0.0051547
1010 0.0051519
1011 0.0043302
1012 0.0052382
1013 0.0054032
1014 0.0052784
1015 0.0055747
1016 0.0053790
1017 0.0052406
1018 0.0054572
1019 0.0053170
1020 0.0051425
1021 0.0050486
1022 0.0052164
1023 0.0052434
1024 0.0054553
1025 0.0053996
1026 0.0052753
1027 0.0051671
1028 0.0055658
1029 0.0051729
1030 0.0054512
1031 0.0051476
1032 0.0055778
1033 0.0052882
1034 0.0057080
1035 0.0055864
1036 0.0059044
1037 0.0046445
1038 0.0056818
1039 0.0053435
1040 0.0044331
1041 0.0049777
1042 0.0053090
1043 0.0050337
1044 0.0045959
1045 0.0049729
1046 0.0050350
1047 0.0042053
1048 0.0052361
1049 0.0062120
1050 0.0057232
1051 0.0044637
1052 0.0053787
1053 0.0053202
1054 0.0051611
1055 0.0068604
1056 0.0048254
1057 0.0054219
1058 0.0052509
1059 0.0046100
1060 0.0053096
1061 0.0049484
1062 0.0054956
1063 0.0051542
1064 0.0050913
1065 0.0052526
1066 0.0056967
1067 0.0056544
1068 0.0055111
1069 0.0054254
1070 0.0055650
1071 0.0047590
1072 0.0051813
1073 0.0043380
1074 0.0048255
1075 0.0049733
1076 0.0050887
1077 0.0052988
1078 0.0050842
1079 0.0052465
1080 0.0058010
1081 0.0060466
1082 0.0045210
1083 0.0050465
1084 0.0049702
1085 0.0052747
1086 0.0053080
1087 0.0054147
1088 0.0049740
1089 0.0048028
1090 0.0050398
1091 0.0052806
1092 0.0053287
1093 0.0054207
1094 0.0094410
1095 0.0053249
1096 0.0050818
1097 0.0054365
1098 0.0051824
1099 0.0052181
1100 0.0065233
1101 0.0056532
1102 0.0050564
1103 0.0052001
1104 0.0051347
1105 0.0050281
1106 0.0053687
1107 0.0046874
1108 0.0053457
1109 0.0049092
1110 0.0056929
1111 0.0053821
1112 0.0054528
1113 0.0054299
1114 0.0049899
1115 0.0053722
1116 0.0049834
1117 0.0052624
1118 0.0054226
1119 0.0052488
1120 0.0051189
1121 0.0051947
1122 0.0052781
1123 0.0039188
1124 0.0048626
1125 0.0050602
1126 0.0052706
1127 0.0052989
1128 0.0054171
1129 0.0057971
1130 0.0050368
1131 0.0057214
1132 0.0053342
1133 0.0058837
1134 0.0052492
1135 0.0050880
1136 0.0053338
1137 0.0054052
1138 0.0049252
1139 0.0052766
1140 0.0055534
1141 0.0052939
1142 0.0057011
1143 0.0054555
1144 0.0052566
1145 0.0054768
1146 0.0048222
1147 0.0054874
1148 0.0067353
1149 0.0055607
1150 0.0052477
1151 0.0058142
1152 0.0060677
1153 0.0056833
1154 0.0057569
1155 0.0058467
1156 0.0050760
1157 0.0058695
1158 0.0055478
1159 0.0045471
1160 0.0048370
1161 0.0053804
1162 0.0053529
1163 0.0054617
1164 0.0057396
1165 0.0053724
1166 0.0048386
1167 0.0053560
1168 0.0055895
1169 0.0059220
1170 0.0056053
1171 0.0054066
1172 0.0057026
1173 0.0049918
1174 0.0054702
1175 0.0050098
1176 0.0048554
1177 0.0072259
1178 0.0051710
1179 0.0056192
1180 0.0059286
1181 0.0051715
1182 0.0050887
1183 0.0054601
1184 0.0059489
1185 0.0053666
1186 0.0067191
1187 0.0060345
1188 0.0062054
1189 0.0054123
1190 0.0054018
1191 0.0058081
1192 0.0060565
1193 0.0052151
1194 0.0058642
1195 0.0063009
1196 0.0051649
1197 0.0053090
1198 0.0055802
1199 0.0060426
1200 0.0065023
1201 0.0078350
1202 0.0062076
1203 0.0061196
1204 0.0065299
1205 0.0063991
1206 0.0064243
1207 0.0053539
1208 0.0053358
1209 0.0054395
1210 0.0053734
1211 0.0056223
1212 0.0057965
1213 0.0056330
1214 0.0052488
1215 0.0060652
1216 0.0050192
1217 0.0060571
1218 0.0053879
1219 0.0056328
1220 0.0056457
1221 0.0052224
1222 0.0063586
1223 0.0055406
1224 0.0062548
1225 0.0063221
1226 0.0052296
1227 0.0054267
1228 0.0061980
1229 0.0059672
1230 0.0050745
1231 0.0061058
1232 0.0058257
1233 0.0054101
1234 0.0053186
1235 0.0060394
1236 0.0059713
1237 0.0061230
1238 0.0061282
1239 0.0053975
1240 0.0063451
1241 0.0052803
1242 0.0058756
1243 0.0079903
1244 0.0062099
1245 0.0056302
1246 0.0051579
1247 0.0065299
1248 0.0054367
1249 0.0059531
1250 0.0052851
1251 0.0065881
1252 0.0052363
1253 0.0060677
1254 0.0052418
1255 0.0061085
1256 0.0053035
1257 0.0060749
1258 0.0060475
1259 0.0055815
1260 0.0063366
1261 0.0055878
1262 0.0055446
1263 0.0052706
1264 0.0053707
1265 0.0054251
1266 0.0056770
1267 0.0054594
1268 0.0062684
1269 0.0053559
1270 0.0056523
1271 0.0063453
1272 0.0062952
1273 0.0068108
1274 0.0055300
1275 0.0053859
1276 0.0066350
1277 0.0067129
1278 0.0056944
1279 0.0071687
1280 0.0054864
1281 0.0057208
1282 0.0061332
1283 0.0063131
1284 0.0055050
1285 0.0060209
1286 0.0057381
1287 0.0058518
1288 0.0079902
1289 0.0056479
1290 0.0061198
1291 0.0055115
1292 0.0054719
1293 0.0051219
1294 0.0061942
1295 0.0059228
1296 0.0063391
1297 0.0053235
1298 0.0051982
1299 0.0059358
1300 0.0061532
1301 0.0058772
1302 0.0057995
1303 0.0054499
1304 0.0066357
1305 0.0057492
1306 0.0055306
1307 0.0054122
1308 0.0056490
1309 0.0055140
1310 0.0062670
1311 0.0057659
1312 0.0058150
1313 0.0076130
1314 0.0076002
1315 0.0084417
1316 0.0057362
1317 0.0054181
1318 0.0054183
1319 0.0067372
1320 0.0065367
1321 0.0062961
1322 0.0067491
1323 0.0058667
1324 0.0062158
1325 0.0058203
1326 0.0053626
1327 0.0068857
1328 0.0073005
1329 0.0070869
1330 0.0061111
1331 0.0058126
1332 0.0064862
1333 0.0057370
1334 0.0069166
1335 0.0065974
1336 0.0054734
1337 0.0066042
1338 0.0055581
1339 0.0063457
1340 0.0065604
1341 0.0064680
1342 0.0069528
1343 0.0062494
1344 0.0058031
1345 0.0073372
1346 0.0060773
1347 0.0060787
1348 0.0056605
1349 0.0055893
1350 0.0061927
1351 0.0061577
1352 0.0057721
1353 0.0059115
1354 0.0054271
1355 0.0055630
1356 0.0066709
1357 0.0059465
1358 0.0064375
1359 0.0066465
1360 0.0063384
1361 0.0071527
1362 0.0067873
1363 0.0056880
1364 0.0070084
1365 0.0057861
1366 0.0063007
1367 0.0061014
1368 0.0082093
1369 0.0058630
1370 0.0063652
1371 0.0054408
1372 0.0061743
1373 0.0056060
1374 0.0056538
1375 0.0062792
1376 0.0056042
1377 0.0109275
1378 0.0056918
1379 0.0061084
1380 0.0061412
1381 0.0063975
1382 0.0055890
1383 0.0063566
1384 0.0065858
1385 0.0059039
1386 0.0057690
1387 0.0076376
1388 0.0083310
1389 0.0061438
1390 0.0083520
1391 0.0064776
1392 0.0059292
1393 0.0069515
1394 0.0071935
1395 0.0059930
1396 0.0063399
1397 0.0075228
1398 0.0058665
1399 0.0071829
1400 0.0060316
1401 0.0060637
1402 0.0070750
1403 0.0063094
1404 0.0055452
1405 0.0059741
1406 0.0056119
1407 0.0058557
1408 0.0065710
1409 0.0060089
1410 0.0067670
1411 0.0073839
1412 0.0065407
1413 0.0063298
1414 0.0064333
1415 0.0088477
1416 0.0061370
1417 0.0080864
1418 0.0059711
1419 0.0079998
1420 0.0063747
1421 0.0068878
1422 0.0078056
1423 0.0064849
1424 0.0062491
1425 0.0061841
1426 0.0074964
1427 0.0101152
1428 0.0058822
1429 0.0061787
1430 0.0061976
1431 0.0063632
1432 0.0060339
1433 0.0065391
1434 0.0082628
1435 0.0062395
1436 0.0095863
1437 0.0094592
1438 0.0065777
1439 0.0063129
1440 0.0063403
1441 0.0073449
1442 0.0061327
1443 0.0062290
1444 0.0063575
1445 0.0060001
1446 0.0066166
1447 0.0077712
1448 0.0056959
1449 0.0057658
1450 0.0063108
1451 0.0074669
1452 0.0060629
1453 0.0075420
1454 0.0071302
1455 0.0062962
1456 0.0063205
1457 0.0060926
1458 0.0065230
1459 0.0092013
1460 0.0057418
1461 0.0061960
1462 0.0063956
1463 0.0061346
1464 0.0062020
1465 0.0063537
1466 0.0059906
1467 0.0061809
1468 0.0061213
1469 0.0084424
1470 0.0066269
1471 0.0064971
1472 0.0066769
1473 0.0060056
1474 0.0088145
1475 0.0067839
1476 0.0069032
1477 0.0064810
1478 0.0069767
1479 0.0062641
1480 0.0068005
1481 0.0058582
1482 0.0080837
1483 0.0069206
1484 0.0067437
1485 0.0065383
1486 0.0098592
1487 0.0066929
1488 0.0087831
1489 0.0061618
1490 0.0065176
1491 0.0074889
1492 0.0075197
1493 0.0070667
1494 0.0071086
1495 0.0090603
1496 0.0070269
1497 0.0068933
1498 0.0092135
1499 0.0061111
1500 0.0071705
1501 0.0089225
1502 0.0080889
1503 0.0064808
1504 0.0075649
1505 0.0066070
1506 0.0060420
1507 0.0105590
1508 0.0063820
1509 0.0068440
1510 0.0074201
1511 0.0065103
1512 0.0078223
1513 0.0061028
1514 0.0068567
1515 0.0091378
1516 0.0071844
1517 0.0065707
1518 0.0063354
1519 0.0067860
1520 0.0078907
1521 0.0077262
1522 0.0078787
1523 0.0073470
1524 0.0068156
1525 0.0072912
1526 0.0076215
1527 0.0065413
1528 0.0071084
1529 0.0068990
1530 0.0084259
1531 0.0079658
1532 0.0068223
1533 0.0079037
1534 0.0067865
1535 0.0068018
1536 0.0067040
1537 0.0072425
1538 0.0064990
1539 0.0066459
1540 0.0063069
1541 0.0083853
1542 0.0059383
1543 0.0074415
1544 0.0064628
1545 0.0076715
1546 0.0068414
1547 0.0067000
1548 0.0079616
1549 0.0071662
1550 0.0077872
1551 0.0068365
1552 0.0078662
1553 0.0083180
1554 0.0070057
1555 0.0074802
1556 0.0071607
1557 0.0076491
1558 0.0078077
1559 0.0088241
1560 0.0077940
1561 0.0088431
1562 0.0071278
1563 0.0069921
1564 0.0079545
1565 0.0074359
1566 0.0077052
1567 0.0073217
1568 0.0067150
1569 0.0078071
1570 0.0074718
1571 0.0070680
1572 0.0083944
1573 0.0069949
1574 0.0072104
1575 0.0071742
1576 0.0081816
1577 0.0075530
1578 0.0078913
1579 0.0077716
1580 0.0072908
1581 0.0072427
1582 0.0066005
1583 0.0074929
1584 0.0063784
1585 0.0068007
1586 0.0070472
1587 0.0066020
1588 0.0072973
1589 0.0064024
1590 0.0073413
1591 0.0140654
1592 0.0063026
1593 0.0069952
1594 0.0068830
1595 0.0083955
1596 0.0071096
1597 0.0075766
1598 0.0070138
1599 0.0066760
1600 0.0075573
1601 0.0073096
1602 0.0063912
1603 0.0073719
1604 0.0072107
1605 0.0075098
1606 0.0093727
1607 0.0062520
1608 0.0088018
1609 0.0077429
1610 0.0074402
1611 0.0077128
1612 0.0068074
1613 0.0076973
1614 0.0063141
1615 0.0081128
1616 0.0075209
1617 0.0072549
1618 0.0081321
1619 0.0133368
1620 0.0075141
1621 0.0068527
1622 0.0074898
1623 0.0076731
1624 0.0074421
1625 0.0063359
1626 0.0075509
1627 0.0077820
1628 0.0104209
1629 0.0081432
1630 0.0086266
1631 0.0087239
1632 0.0085813
1633 0.0094494
1634 0.0079306
1635 0.0078503
1636 0.0094257
1637 0.0109748
1638 0.0083004
1639 0.0085891
1640 0.0097399
1641 0.0063055
1642 0.0082697
1643 0.0086747
1644 0.0089845
1645 0.0061368
1646 0.0084005
1647 0.0070824
1648 0.0059114
1649 0.0058049
1650 0.0088345
1651 0.0087087
1652 0.0096846
1653 0.0069242
1654 0.0094828
1655 0.0083021
1656 0.0091711
1657 0.0085480
1658 0.0084044
1659 0.0086060
1660 0.0088627
1661 0.0099423
1662 0.0086623
1663 0.0103560
1664 0.0106619
1665 0.0108554
1666 0.0090586
1667 0.0098858
1668 0.0092327
1669 0.0099913
1670 0.0066040
1671 0.0102823
1672 0.0092209
1673 0.0092549
1674 0.0068708
1675 0.0090633
1676 0.0088508
1677 0.0085271
1678 0.0085204
1679 0.0058462
1680 0.0124340
1681 0.0071502
1682 0.0080047
1683 0.0063250
1684 0.0077988
1685 0.0060895
1686 0.0090219
1687 0.0081679
1688 0.0085642
1689 0.0095078
1690 0.0090425
1691 0.0085788
1692 0.0094451
1693 0.0085030
1694 0.0070419
1695 0.0064161
1696 0.0086953
1697 0.0063431
1698 0.0089645
1699 0.0112909
1700 0.0102082
1701 0.0091325
1702 0.0068748
1703 0.0063183
1704 0.0073567
1705 0.0094713
1706 0.0108691
1707 0.0093364
1708 0.0107190
1709 0.0105944
1710 0.0096702
1711 0.0101960
1712 0.0075666
1713 0.0103344
1714 0.0068857
1715 0.0071048
1716 0.0078384
1717 0.0099875
1718 0.0090879
1719 0.0107092
1720 0.0076377
1721 0.0076572
1722 0.0098167
1723 0.0096355
1724 0.0077362
1725 0.0094819
1726 0.0068110
1727 0.0071808
1728 0.0095577
1729 0.0093639
1730 0.0073049
1731 0.0073182
1732 0.0069812
1733 0.0093138
1734 0.0097478
1735 0.0095469
1736 0.0095497
1737 0.0098562
1738 0.0091657
1739 0.0095323
1740 0.0075757
1741 0.0075635
1742 0.0105265
1743 0.0104775
1744 0.0108103
1745 0.0083687
1746 0.0105515
1747 0.0076669
1748 0.0081100
1749 0.0105594
1750 0.0080514
1751 0.0105259
1752 0.0114642
1753 0.0113668
1754 0.0108895
1755 0.0114995
1756 0.0085465
1757 0.0112071
1758 0.0088755
1759 0.0086019
1760 0.0085046
1761 0.0088296
1762 0.0087952
1763 0.0115233
1764 0.0108887
1765 0.0118355
1766 0.0113762
1767 0.0114440
1768 0.0082780
1769 0.0088843
1770 0.0118681
1771 0.0101191
1772 0.0106212
1773 0.0119781
1774 0.0115705
1775 0.0099521
1776 0.0112617
1777 0.0108468
1778 0.0080384
1779 0.0113591
1780 0.0075417
1781 0.0107619
1782 0.0106405
1783 0.0105078
1784 0.0109926
1785 0.0090537
1786 0.0080028
1787 0.0110074
1788 0.0100228
1789 0.0088813
1790 0.0113539
1791 0.0110752
1792 0.0107906
1793 0.0119311
1794 0.0113824
1795 0.0082548
1796 0.0077721
1797 0.0114768
1798 0.0126046
1799 0.0089292
1800 0.0088986
1801 0.0140906
1802 0.0119009
1803 0.0114187
1804 0.0088120
1805 0.0127788
1806 0.0114705
1807 0.0091245
1808 0.0108612
1809 0.0085332
1810 0.0082772
1811 0.0122813
1812 0.0124576
1813 0.0090088
1814 0.0116531
1815 0.0110959
1816 0.0117939
1817 0.0110679
1818 0.0107790
1819 0.0129056
1820 0.0088545
1821 0.0089416
1822 0.0086914
1823 0.0113593
1824 0.0095089
1825 0.0084687
1826 0.0101820
1827 0.0107887
1828 0.0086697
1829 0.0115476
1830 0.0091555
1831 0.0116824
1832 0.0117636
1833 0.0097867
1834 0.0136690
1835 0.0126966
1836 0.0134729
1837 0.0103220
1838 0.0120857
1839 0.0105009
1840 0.0126252
1841 0.0097090
1842 0.0095503
1843 0.0117739
1844 0.0096335
1845 0.0126709
1846 0.0125755
1847 0.0118413
1848 0.0122432
1849 0.0107910
1850 0.0119368
1851 0.0119737
1852 0.0122539
1853 0.0098765
1854 0.0101087
1855 0.0121863
1856 0.0103037
1857 0.0135029
1858 0.0109484
1859 0.0120423
1860 0.0106974
1861 0.0125498
1862 0.0095218
1863 0.0088712
1864 0.0109004
1865 0.0121229
1866 0.0107548
1867 0.0103537
1868 0.0100021
1869 0.0117995
1870 0.0104030
1871 0.0108220
1872 0.0124925
1873 0.0105977
1874 0.0117116
1875 0.0117430
1876 0.0119566
1877 0.0105738
1878 0.0109174
1879 0.0103364
1880 0.0101068
1881 0.0111089
1882 0.0108268
1883 0.0108899
1884 0.0122853
1885 0.0104587
1886 0.0113557
1887 0.0101440
1888 0.0094329
1889 0.0100646
1890 0.0132295
1891 0.0127601
1892 0.0126771
1893 0.0116922
1894 0.0112817
1895 0.0106265
1896 0.0131318
1897 0.0107623
1898 0.0115021
1899 0.0103659
1900 0.0101765
1901 0.0123953
1902 0.0116862
1903 0.0133434
1904 0.0110753
1905 0.0110361
1906 0.0123446
1907 0.0121424
1908 0.0115286
1909 0.0106298
1910 0.0108952
1911 0.0123857
1912 0.0117243
1913 0.0124881
1914 0.0112745
1915 0.0126937
1916 0.0127624
1917 0.0124525
1918 0.0119353
1919 0.0114205
1920 0.0119055
1921 0.0108021
1922 0.0134957
1923 0.0133623
1924 0.0117096
1925 0.0116505
1926 0.0113398
1927 0.0112298
1928 0.0135170
1929 0.0114702
1930 0.0127022
1931 0.0160907
1932 0.0123770
1933 0.0120678
1934 0.0119616
1935 0.0130755
1936 0.0118697
1937 0.0163634
1938 0.0122786
1939 0.0117053
1940 0.0123223
1941 0.0125599
1942 0.0122770
1943 0.0122144
1944 0.0119744
1945 0.0141483
1946 0.0135917
1947 0.0126040
1948 0.0121450
1949 0.0166203
1950 0.0137975
1951 0.0143234
1952 0.0137374
1953 0.0131449
1954 0.0124036
1955 0.0126050
1956 0.0120991
1957 0.0130662
1958 0.0118313
1959 0.0127829
1960 0.0141149
1961 0.0145983
1962 0.0129142
1963 0.0134876
1964 0.0143177
1965 0.0131244
1966 0.0130351
1967 0.0118334
1968 0.0123794
1969 0.0153325
1970 0.0128720
1971 0.0149192
1972 0.0129031
1973 0.0132020
1974 0.0130706
1975 0.0127009
1976 0.0128420
1977 0.0139037
1978 0.0131041
1979 0.0133008
1980 0.0145599
1981 0.0136003
1982 0.0147815
1983 0.0135528
1984 0.0142874
1985 0.0143839
1986 0.0137664
1987 0.0131680
1988 0.0136313
1989 0.0130207
1990 0.0137965
1991 0.0257846
1992 0.0135714
1993 0.0129889
1994 0.0152077
1995 0.0139942
1996 0.0149811
1997 0.0148550
1998 0.0152391
1999 0.0139938
2000 0.0126963
