Tamanho da página | Tempo médio por acesso
1 0.0039000
2 0.0038000
3 0.0041000
4 0.0043750
5 0.0046000
6 0.0043333
7 0.0034286
8 0.0038500
9 0.0046889
10 0.0042600
11 0.0049909
12 0.0042000
13 0.0045923
14 0.0030429
15 0.0040400
16 0.0045438
17 0.0049412
18 0.0031778
19 0.0038737
20 0.0049550
21 0.0047619
22 0.0033864
23 0.0031435
24 0.0041792
25 0.0043800
26 0.0032192
27 0.0031259
28 0.0044107
29 0.0034103
30 0.0031500
31 0.0042613
32 0.0038344
33 0.0031606
34 0.0034500
35 0.0034971
36 0.0033083
37 0.0032811
38 0.0029263
39 0.0041333
40 0.0034650
41 0.0032488
42 0.0036786
43 0.0031535
44 0.0039159
45 0.0035756
46 0.0039848
47 0.0034787
48 0.0050104
49 0.0049959
50 0.0031940
51 0.0032980
52 0.0033192
53 0.0032340
54 0.0035870
55 0.0033964
56 0.0034125
57 0.0030263
58 0.0028931
59 0.0032746
60 0.0031833
61 0.0050180
62 0.0037661
63 0.0035937
64 0.0041391
65 0.0051231
66 0.0042015
67 0.0034254
68 0.0035206
69 0.0033043
70 0.0060143
71 0.0033887
72 0.0045625
73 0.0036644
74 0.0031892
75 0.0032573
76 0.0036974
77 0.0034299
78 0.0035051
79 0.0038949
80 0.0034712
81 0.0036346
82 0.0039000
83 0.0034325
84 0.0036762
85 0.0034435
86 0.0036453
87 0.0033540
88 0.0053489
89 0.0035674
90 0.0040522
91 0.0036527
92 0.0036163
93 0.0049043
94 0.0040979
95 0.0036526
96 0.0049427
97 0.0056567
98 0.0039061
99 0.0036737
100 0.0043660
101 0.0040347
102 0.0060716
103 0.0049942
104 0.0036750
105 0.0040876
106 0.0038509
107 0.0039776
108 0.0037667
109 0.0034303
110 0.0050545
111 0.0044171
112 0.0047214
113 0.0044637
114 0.0042632
115 0.0047730
116 0.0035491
117 0.0043915
118 0.0046898
119 0.0039504
120 0.0045867
121 0.0041231
122 0.0053779
123 0.0054585
124 0.0044589
125 0.0044704
126 0.0048754
127 0.0040969
128 0.0044680
129 0.0048240
130 0.0040838
131 0.0045863
132 0.0044826
133 0.0053654
134 0.0040269
135 0.0051126
136 0.0035699
137 0.0054409
138 0.0037928
139 0.0039942
140 0.0049936
141 0.0049440
142 0.0055852
143 0.0040259
144 0.0040451
145 0.0053414
146 0.0050034
147 0.0038946
148 0.0055432
149 0.0049040
150 0.0038267
151 0.0046278
152 0.0048592
153 0.0037229
154 0.0064097
155 0.0050781
156 0.0044782
157 0.0048726
158 0.0044019
159 0.0035742
160 0.0045937
161 0.0045584
162 0.0060728
163 0.0053025
164 0.0043939
165 0.0051485
166 0.0055518
167 0.0057599
168 0.0069518
169 0.0053172
170 0.0049900
171 0.0048351
172 0.0043523
173 0.0054324
174 0.0075966
175 0.0041846
176 0.0050625
177 0.0051056
178 0.0041478
179 0.0045503
180 0.0051278
181 0.0049641
182 0.0045995
183 0.0052175
184 0.0053946
185 0.0049492
186 0.0050032
187 0.0035091
188 0.0050745
189 0.0050439
190 0.0042042
191 0.0045304
192 0.0052635
193 0.0049404
194 0.0051278
195 0.0039497
196 0.0042276
197 0.0055345
198 0.0051369
199 0.0051357
200 0.0047595
201 0.0052104
202 0.0052149
203 0.0044187
204 0.0052873
205 0.0049385
206 0.0048379
207 0.0040609
208 0.0050769
209 0.0046498
210 0.0043190
211 0.0041588
212 0.0042726
213 0.0049446
214 0.0049444
215 0.0049651
216 0.0051079
217 0.0040189
218 0.0041940
219 0.0041881
220 0.0050614
221 0.0047584
222 0.0048495
223 0.0045206
224 0.0051960
225 0.0055720
226 0.0047903
227 0.0050564
228 0.0046461
229 0.0051681
230 0.0054852
231 0.0038788
232 0.0048216
233 0.0039210
234 0.0053701
235 0.0050545
236 0.0046631
237 0.0042992
238 0.0050605
239 0.0048318
240 0.0064167
241 0.0051647
242 0.0043107
243 0.0052214
244 0.0046549
245 0.0047543
246 0.0050789
247 0.0053316
248 0.0048169
249 0.0041590
250 0.0040520
251 0.0045426
252 0.0047583
253 0.0052755
254 0.0045472
255 0.0048961
256 0.0042645
257 0.0044354
258 0.0050857
259 0.0049961
260 0.0052996
261 0.0050414
262 0.0050943
263 0.0046540
264 0.0046322
265 0.0048094
266 0.0048838
267 0.0046993
268 0.0046198
269 0.0050004
270 0.0040881
271 0.0051845
272 0.0046261
273 0.0046480
274 0.0053099
275 0.0049076
276 0.0043417
277 0.0045592
278 0.0048896
279 0.0051986
280 0.0046921
281 0.0040302
282 0.0043514
283 0.0050307
284 0.0049067
285 0.0052744
286 0.0038213
287 0.0045707
288 0.0041906
289 0.0046121
290 0.0045052
291 0.0042227
292 0.0041942
293 0.0038761
294 0.0052633
295 0.0046898
296 0.0055084
297 0.0049249
298 0.0052221
299 0.0050231
300 0.0047123
301 0.0043199
302 0.0049480
303 0.0042739
304 0.0067967
305 0.0073511
306 0.0056761
307 0.0045726
308 0.0052675
309 0.0046123
310 0.0042303
311 0.0044492
312 0.0049571
313 0.0053562
314 0.0049099
315 0.0045521
316 0.0047652
317 0.0050615
318 0.0046588
319 0.0047724
320 0.0046531
321 0.0048280
322 0.0046317
323 0.0045303
324 0.0044830
325 0.0043849
326 0.0046074
327 0.0047716
328 0.0043241
329 0.0049626
330 0.0057567
331 0.0046912
332 0.0061485
333 0.0089976
334 0.0059063
335 0.0057275
336 0.0047054
337 0.0045214
338 0.0045781
339 0.0045835
340 0.0052476
341 0.0048677
342 0.0049360
343 0.0042569
344 0.0048945
345 0.0041441
346 0.0044454
347 0.0042346
348 0.0046497
349 0.0043708
350 0.0044434
351 0.0051496
352 0.0047148
353 0.0040351
354 0.0043475
355 0.0047961
356 0.0046037
357 0.0045451
358 0.0050729
359 0.0066214
360 0.0053139
361 0.0049936
362 0.0048359
363 0.0048771
364 0.0046071
365 0.0038770
366 0.0042191
367 0.0051482
368 0.0046840
369 0.0049572
370 0.0049132
371 0.0052170
372 0.0043309
373 0.0053643
374 0.0049061
375 0.0049731
376 0.0054931
377 0.0039432
378 0.0044913
379 0.0047810
380 0.0048913
381 0.0043598
382 0.0047010
383 0.0050128
384 0.0049339
385 0.0052735
386 0.0054596
387 0.0043866
388 0.0049899
389 0.0056535
390 0.0048964
391 0.0052588
392 0.0049574
393 0.0062112
394 0.0046188
395 0.0044053
396 0.0041836
397 0.0055809
398 0.0048847
399 0.0047699
400 0.0046253
401 0.0044207
402 0.0045993
403 0.0051161
404 0.0057376
405 0.0050881
406 0.0043850
407 0.0050039
408 0.0041265
409 0.0049548
410 0.0048722
411 0.0050406
412 0.0048978
413 0.0045903
414 0.0045657
415 0.0051754
416 0.0051195
417 0.0049353
418 0.0046854
419 0.0049659
420 0.0044267
421 0.0043767
422 0.0047685
423 0.0048345
424 0.0048134
425 0.0049607
426 0.0044993
427 0.0046136
428 0.0052701
429 0.0048876
430 0.0046733
431 0.0044916
432 0.0047829
433 0.0044677
434 0.0046546
435 0.0045336
436 0.0042869
437 0.0046968
438 0.0036030
439 0.0047139
440 0.0049191
441 0.0043043
442 0.0041862
443 0.0045237
444 0.0040273
445 0.0047155
446 0.0046688
447 0.0072678
448 0.0047667
449 0.0065147
450 0.0073191
451 0.0054820
452 0.0047020
453 0.0044903
454 0.0047551
455 0.0038235
456 0.0041086
457 0.0045282
458 0.0039122
459 0.0056255
460 0.0040980
461 0.0043839
462 0.0075851
463 0.0061790
464 0.0049875
465 0.0045871
466 0.0053236
467 0.0046169
468 0.0048158
469 0.0043891
470 0.0054172
471 0.0050093
472 0.0041339
473 0.0057941
474 0.0045941
475 0.0051280
476 0.0041002
477 0.0070388
478 0.0035153
479 0.0044261
480 0.0052319
481 0.0047493
482 0.0050087
483 0.0041801
484 0.0047492
485 0.0047988
486 0.0042689
487 0.0042762
488 0.0043551
489 0.0038697
490 0.0039943
491 0.0043020
492 0.0054226
493 0.0047803
494 0.0046478
495 0.0046279
496 0.0044859
497 0.0049410
498 0.0053735
499 0.0045952
500 0.0052772
501 0.0046501
502 0.0042795
503 0.0044557
504 0.0071393
505 0.0052446
506 0.0048038
507 0.0041371
508 0.0042419
509 0.0047481
510 0.0050576
511 0.0052840
512 0.0050197
513 0.0048324
514 0.0038414
515 0.0047777
516 0.0043029
517 0.0045159
518 0.0055656
519 0.0037834
520 0.0042360
521 0.0056399
522 0.0050220
523 0.0044908
524 0.0044823
525 0.0053935
526 0.0045059
527 0.0048472
528 0.0044911
529 0.0041435
530 0.0047374
531 0.0053316
532 0.0050786
533 0.0053165
534 0.0046472
535 0.0045832
536 0.0042071
537 0.0048736
538 0.0049182
539 0.0050237
540 0.0046346
541 0.0053094
542 0.0047685
543 0.0043260
544 0.0042811
545 0.0049327
546 0.0049597
547 0.0051543
548 0.0047553
549 0.0048311
550 0.0046313
551 0.0047387
552 0.0045658
553 0.0046394
554 0.0048628
555 0.0050600
556 0.0045302
557 0.0044732
558 0.0044448
559 0.0052106
560 0.0043170
561 0.0043731
562 0.0045596
563 0.0047384
564 0.0047803
565 0.0038400
566 0.0046083
567 0.0049903
568 0.0050833
569 0.0044404
570 0.0046123
571 0.0039312
572 0.0050699
573 0.0043531
574 0.0052528
575 0.0048744
576 0.0044684
577 0.0051029
578 0.0053151
579 0.0047366
580 0.0049871
581 0.0050912
582 0.0044808
583 0.0045280
584 0.0042978
585 0.0042644
586 0.0055904
587 0.0045129
588 0.0043430
589 0.0047574
590 0.0051032
591 0.0043367
592 0.0047958
593 0.0048143
594 0.0071786
595 0.0049220
596 0.0048164
597 0.0052039
598 0.0041343
599 0.0052581
600 0.0049328
601 0.0051123
602 0.0045482
603 0.0042894
604 0.0043909
605 0.0046456
606 0.0048490
607 0.0052886
608 0.0041885
609 0.0046094
610 0.0065331
611 0.0051799
612 0.0052007
613 0.0053413
614 0.0048678
615 0.0039541
616 0.0044055
617 0.0048010
618 0.0049168
619 0.0049313
620 0.0037892
621 0.0052902
622 0.0043791
623 0.0050607
624 0.0053035
625 0.0043789
626 0.0046442
627 0.0049596
628 0.0050261
629 0.0045180
630 0.0051430
631 0.0044071
632 0.0045380
633 0.0049986
634 0.0043792
635 0.0051165
636 0.0048888
637 0.0044812
638 0.0046196
639 0.0049227
640 0.0052414
641 0.0047206
642 0.0044771
643 0.0047384
644 0.0047848
645 0.0048747
646 0.0048415
647 0.0045767
648 0.0045083
649 0.0049521
650 0.0050692
651 0.0054032
652 0.0049945
653 0.0047530
654 0.0049446
655 0.0047852
656 0.0048727
657 0.0046802
658 0.0046871
659 0.0055067
660 0.0049485
661 0.0046929
662 0.0049550
663 0.0051062
664 0.0050732
665 0.0048553
666 0.0042533
667 0.0049292
668 0.0053639
669 0.0052794
670 0.0044715
671 0.0048013
672 0.0046382
673 0.0043617
674 0.0044322
675 0.0041760
676 0.0049516
677 0.0049511
678 0.0051066
679 0.0049925
680 0.0048796
681 0.0045786
682 0.0054035
683 0.0044600
684 0.0046697
685 0.0050807
686 0.0065961
687 0.0053838
688 0.0045025
689 0.0047116
690 0.0045664
691 0.0050268
692 0.0043770
693 0.0049051
694 0.0048971
695 0.0046734
696 0.0050007
697 0.0048001
698 0.0049284
699 0.0041000
700 0.0054881
701 0.0044451
702 0.0041211
703 0.0051846
704 0.0052273
705 0.0043394
706 0.0038412
707 0.0047482
708 0.0051466
709 0.0055378
710 0.0052973
711 0.0043776
712 0.0049393
713 0.0047621
714 0.0048387
715 0.0043545
716 0.0048675
717 0.0046356
718 0.0043616
719 0.0046452
720 0.0048288
721 0.0047295
722 0.0056123
723 0.0045272
724 0.0050892
725 0.0049709
726 0.0044211
727 0.0049034
728 0.0051294
729 0.0049038
730 0.0049333
731 0.0039878
732 0.0047045
733 0.0038686
734 0.0045653
735 0.0051680
736 0.0043365
737 0.0050304
738 0.0046820
739 0.0051802
740 0.0051722
741 0.0050748
742 0.0042636
743 0.0051361
744 0.0056382
745 0.0043723
746 0.0045548
747 0.0050195
748 0.0054729
749 0.0049513
750 0.0045960
751 0.0045562
752 0.0044669
753 0.0047093
754 0.0043854
755 0.0048645
756 0.0048870
757 0.0050867
758 0.0046828
759 0.0049433
760 0.0048141
761 0.0049042
762 0.0049904
763 0.0044899
764 0.0052923
765 0.0051774
766 0.0048223
767 0.0044840
768 0.0049100
769 0.0051270
770 0.0049769
771 0.0047891
772 0.0053764
773 0.0047254
774 0.0044676
775 0.0050885
776 0.0048955
777 0.0054634
778 0.0047955
779 0.0047606
780 0.0042667
781 0.0044927
782 0.0047111
783 0.0053392
784 0.0047631
785 0.0046576
786 0.0046181
787 0.0046017
788 0.0049915
789 0.0046492
790 0.0051973
791 0.0042781
792 0.0050172
793 0.0048962
794 0.0055196
795 0.0049689
796 0.0042330
797 0.0038040
798 0.0046193
799 0.0048184
800 0.0043885
801 0.0043594
802 0.0048345
803 0.0051482
804 0.0045553
805 0.0045168
806 0.0048287
807 0.0047890
808 0.0049080
809 0.0047865
810 0.0049586
811 0.0039026
812 0.0065745
813 0.0053353
814 0.0049665
815 0.0051697
816 0.0046558
817 0.0045617
818 0.0048581
819 0.0052654
820 0.0048151
821 0.0044754
822 0.0047647
823 0.0044870
824 0.0050847
825 0.0047396
826 0.0050614
827 0.0041597
828 0.0051618
829 0.0047420
830 0.0049143
831 0.0048297
832 0.0044506
833 0.0051679
834 0.0051677
835 0.0045146
836 0.0050207
837 0.0049783
838 0.0045907
839 0.0046386
840 0.0053423
841 0.0047830
842 0.0045698
843 0.0037943
844 0.0044419
845 0.0058486
846 0.0050699
847 0.0044106
848 0.0048028
849 0.0047675
850 0.0047734
851 0.0050761
852 0.0046195
853 0.0054061
854 0.0051473
855 0.0041910
856 0.0061771
857 0.0051236
858 0.0050807
859 0.0048690
860 0.0047977
861 0.0046064
862 0.0047346
863 0.0048028
864 0.0045528
865 0.0047929
866 0.0052905
867 0.0050607
868 0.0048666
869 0.0050547
870 0.0044853
871 0.0049622
872 0.0051700
873 0.0047999
874 0.0050625
875 0.0048454
876 0.0048468
877 0.0052860
878 0.0047862
879 0.0050184
880 0.0045819
881 0.0046893
882 0.0048093
883 0.0044571
884 0.0044035
885 0.0050416
886 0.0045046
887 0.0049543
888 0.0051310
889 0.0045926
890 0.0046801
891 0.0042378
892 0.0049731
893 0.0051454
894 0.0048444
895 0.0048466
896 0.0051374
897 0.0045031
898 0.0046892
899 0.0041783
900 0.0053684
901 0.0051378
902 0.0049535
903 0.0049776
904 0.0053118
905 0.0051912
906 0.0047455
907 0.0043487
908 0.0047409
909 0.0048410
910 0.0046211
911 0.0050598
912 0.0043273
913 0.0041514
914 0.0042228
915 0.0052331
916 0.0052616
917 0.0053736
918 0.0046176
919 0.0045188
920 0.0049605
921 0.0047305
922 0.0042229
923 0.0047326
924 0.0039247
925 0.0044223
926 0.0046840
927 0.0047932
928 0.0049488
929 0.0053164
930 0.0046587
931 0.0047708
932 0.0048959
933 0.0049422
934 0.0051185
935 0.0071163
936 0.0049478
937 0.0049473
938 0.0071393
939 0.0053868
940 0.0050413
941 0.0042560
942 0.0051244
943 0.0049411
944 0.0047673
945 0.0049939
946 0.0052085
947 0.0050635
948 0.0063102
949 0.0052291
950 0.0052336
951 0.0050592
952 0.0041090
953 0.0050879
954 0.0052957
955 0.0049285
956 0.0051434
957 0.0051694
958 0.0049899
959 0.0057034
960 0.0049769
961 0.0048180
962 0.0051437
963 0.0049162
964 0.0048820
965 0.0053489
966 0.0047823
967 0.0041999
968 0.0050741
969 0.0045624
970 0.0045496
971 0.0044138
972 0.0050745
973 0.0050820
974 0.0046610
975 0.0044853
976 0.0050290
977 0.0047975
978 0.0047426
979 0.0052578
980 0.0052140
981 0.0046426
982 0.0043622
983 0.0050327
984 0.0053334
985 0.0052686
986 0.0049206
987 0.0052467
988 0.0048427
989 0.0053161
990 0.0052202
991 0.0049594
992 0.0049290
993 0.0044993
994 0.0046587
995 0.0049551
996 0.0049579
997 0.0051992
998 0.0048699
999 0.0049633
1000 0.0051641
1001 0.0050844
1002 0.0051346
1003 0.0047684
1004 0.0048793
1005 0.0051399
1006 0.0059158
1007 0.0058797
1008 0.0049414
1009 0.0055472
1010 0.0049501
1011 0.0052357
1012 0.0047915
1013 0.0050249
1014 0.0052025
1015 0.0056880
1016 0.0054957
1017 0.0052165
1018 0.0044956
1019 0.0052124
1020 0.0054047
1021 0.0049988
1022 0.0040525
1023 0.0050578
1024 0.0052157
1025 0.0041875
1026 0.0044856
1027 0.0051381
1028 0.0051850
1029 0.0040473
1030 0.0049420
1031 0.0058806
1032 0.0051400
1033 0.0051133
1034 0.0044819
1035 0.0049843
1036 0.0048667
1037 0.0044853
1038 0.0052302
1039 0.0053727
1040 0.0052087
1041 0.0048438
1042 0.0050946
1043 0.0042001
1044 0.0044351
1045 0.0050848
1046 0.0051041
1047 0.0050846
1048 0.0052636
1049 0.0044308
1050 0.0051744
1051 0.0052720
1052 0.0047477
1053 0.0044833
1054 0.0051379
1055 0.0070767
1056 0.0055052
1057 0.0045368
1058 0.0050763
1059 0.0047776
1060 0.0048895
1061 0.0051195
1062 0.0044234
1063 0.0049141
1064 0.0047610
1065 0.0048356
1066 0.0044774
1067 0.0045502
1068 0.0046253
1069 0.0042599
1070 0.0046531
1071 0.0050241
1072 0.0046181
1073 0.0057641
1074 0.0048943
1075 0.0051352
1076 0.0048980
1077 0.0050485
1078 0.0053280
1079 0.0045537
1080 0.0051119
1081 0.0050247
1082 0.0051189
1083 0.0049810
1084 0.0051799
1085 0.0047859
1086 0.0052359
1087 0.0051945
1088 0.0054667
1089 0.0048736
1090 0.0053087
1091 0.0048616
1092 0.0051552
1093 0.0044072
1094 0.0050725
1095 0.0053200
1096 0.0051097
1097 0.0049758
1098 0.0048021
1099 0.0051864
1100 0.0046201
1101 0.0051224
1102 0.0053498
1103 0.0051316
1104 0.0044746
1105 0.0045395
1106 0.0051429
1107 0.0051052
1108 0.0051387
1109 0.0051699
1110 0.0048894
1111 0.0049174
1112 0.0051642
1113 0.0048915
1114 0.0060262
1115 0.0050627
1116 0.0049785
1117 0.0051107
1118 0.0052670
1119 0.0045828
1120 0.0057944
1121 0.0052418
1122 0.0049875
1123 0.0080370
1124 0.0056090
1125 0.0055580
1126 0.0056813
1127 0.0050619
1128 0.0052469
1129 0.0054663
1130 0.0049088
1131 0.0055698
1132 0.0054489
1133 0.0054450
1134 0.0054452
1135 0.0060781
1136 0.0051005
1137 0.0053038
1138 0.0057592
1139 0.0053745
1140 0.0045982
1141 0.0054912
1142 0.0049377
1143 0.0044593
1144 0.0051286
1145 0.0051707
1146 0.0045962
1147 0.0052051
1148 0.0052193
1149 0.0052794
1150 0.0052977
1151 0.0046881
1152 0.0051037
1153 0.0051507
1154 0.0054121
1155 0.0048206
1156 0.0049065
1157 0.0052972
1158 0.0044343
1159 0.0050654
1160 0.0049722
1161 0.0043774
1162 0.0054070
1163 0.0054360
1164 0.0057013
1165 0.0052688
1166 0.0053166
1167 0.0054470
1168 0.0054850
1169 0.0053599
1170 0.0064866
1171 0.0060759
1172 0.0053301
1173 0.0055784
1174 0.0048830
1175 0.0053162
1176 0.0052277
1177 0.0056130
1178 0.0054972
1179 0.0055656
1180 0.0054847
1181 0.0052512
1182 0.0055027
1183 0.0053389
1184 0.0053685
1185 0.0054413
1186 0.0050891
1187 0.0056115
1188 0.0056084
1189 0.0054619
1190 0.0050742
1191 0.0052388
1192 0.0048793
1193 0.0050370
1194 0.0052893
1195 0.0052107
1196 0.0059235
1197 0.0053876
1198 0.0054482
1199 0.0056566
1200 0.0050581
1201 0.0053475
1202 0.0051389
1203 0.0076349
1204 0.0055506
1205 0.0069821
1206 0.0065081
1207 0.0056389
1208 0.0052046
1209 0.0052510
1210 0.0051524
1211 0.0051531
1212 0.0054120
1213 0.0053727
1214 0.0054036
1215 0.0058747
1216 0.0053319
1217 0.0055420
1218 0.0055245
1219 0.0056838
1220 0.0058889
1221 0.0053836
1222 0.0056999
1223 0.0056660
1224 0.0048076
1225 0.0059057
1226 0.0050292
1227 0.0060587
1228 0.0057475
1229 0.0050355
1230 0.0059262
1231 0.0059781
1232 0.0052158
1233 0.0047913
1234 0.0057022
1235 0.0063300
1236 0.0054465
1237 0.0097380
1238 0.0053075
1239 0.0077831
1240 0.0056076
1241 0.0061132
1242 0.0058733
1243 0.0056721
1244 0.0051584
1245 0.0053934
1246 0.0055354
1247 0.0063191
1248 0.0056234
1249 0.0061172
1250 0.0060313
1251 0.0061043
1252 0.0054941
1253 0.0052963
1254 0.0053066
1255 0.0051676
1256 0.0056296
1257 0.0057091
1258 0.0055063
1259 0.0060324
1260 0.0055725
1261 0.0050776
1262 0.0065716
1263 0.0063198
1264 0.0053645
1265 0.0058525
1266 0.0055167
1267 0.0064656
1268 0.0058088
1269 0.0058953
1270 0.0045954
1271 0.0056768
1272 0.0059608
1273 0.0053146
1274 0.0058080
1275 0.0055282
1276 0.0070457
1277 0.0057283
1278 0.0070251
1279 0.0053560
1280 0.0069834
1281 0.0057716
1282 0.0062785
1283 0.0054173
1284 0.0057699
1285 0.0053470
1286 0.0058586
1287 0.0110761
1288 0.0054557
1289 0.0061770
1290 0.0064934
1291 0.0058099
1292 0.0056885
1293 0.0057850
1294 0.0055178
1295 0.0061632
1296 0.0063346
1297 0.0060861
1298 0.0057914
1299 0.0054819
1300 0.0057725
1301 0.0070144
1302 0.0072134
1303 0.0056186
1304 0.0057237
1305 0.0053490
1306 0.0060914
1307 0.0065346
1308 0.0058448
1309 0.0054523
1310 0.0052371
1311 0.0056456
1312 0.0057966
1313 0.0061030
1314 0.0056619
1315 0.0057484
1316 0.0054656
1317 0.0053756
1318 0.0062564
1319 0.0056372
1320 0.0054449
1321 0.0060677
1322 0.0062311
1323 0.0065070
1324 0.0069026
1325 0.0059974
1326 0.0061866
1327 0.0057008
1328 0.0064463
1329 0.0063624
1330 0.0054828
1331 0.0061189
1332 0.0072557
1333 0.0053952
1334 0.0072127
1335 0.0072296
1336 0.0074747
1337 0.0056534
1338 0.0073837
1339 0.0056583
1340 0.0055248
1341 0.0059436
1342 0.0069953
1343 0.0060541
1344 0.0066345
1345 0.0055538
1346 0.0055830
1347 0.0076702
1348 0.0056090
1349 0.0060591
1350 0.0055624
1351 0.0065320
1352 0.0057303
1353 0.0071870
1354 0.0057386
1355 0.0059959
1356 0.0054409
1357 0.0053707
1358 0.0069820
1359 0.0057837
1360 0.0060054
1361 0.0060534
1362 0.0065984
1363 0.0070649
1364 0.0063792
1365 0.0071596
1366 0.0059329
1367 0.0065045
1368 0.0062621
1369 0.0072122
1370 0.0063878
1371 0.0064299
1372 0.0059279
1373 0.0060625
1374 0.0078506
1375 0.0060385
1376 0.0057100
1377 0.0061953
1378 0.0071821
1379 0.0067986
1380 0.0058024
1381 0.0057657
1382 0.0066346
1383 0.0060396
1384 0.0056858
1385 0.0057542
1386 0.0060939
1387 0.0066988
1388 0.0058655
1389 0.0061767
1390 0.0055931
1391 0.0061153
1392 0.0058596
1393 0.0056672
1394 0.0060865
1395 0.0058436
1396 0.0058883
1397 0.0057304
1398 0.0055216
1399 0.0067456
1400 0.0073241
1401 0.0076804
1402 0.0070103
1403 0.0055043
1404 0.0066179
1405 0.0080861
1406 0.0063285
1407 0.0062158
1408 0.0058925
1409 0.0080944
1410 0.0063670
1411 0.0060721
1412 0.0077050
1413 0.0077846
1414 0.0059352
1415 0.0065764
1416 0.0070034
1417 0.0062279
1418 0.0077917
1419 0.0082328
1420 0.0083986
1421 0.0081678
1422 0.0069996
1423 0.0078464
1424 0.0075591
1425 0.0110968
1426 0.0066262
1427 0.0083591
1428 0.0066218
1429 0.0077535
1430 0.0063672
1431 0.0058521
1432 0.0060256
1433 0.0074121
1434 0.0066768
1435 0.0066738
1436 0.0070031
1437 0.0065832
1438 0.0076334
1439 0.0085224
1440 0.0065181
1441 0.0067040
1442 0.0069250
1443 0.0069615
1444 0.0084406
1445 0.0060468
1446 0.0057440
1447 0.0059572
1448 0.0062183
1449 0.0091830
1450 0.0076459
1451 0.0105519
1452 0.0068300
1453 0.0070992
1454 0.0069638
1455 0.0069703
1456 0.0068496
1457 0.0061579
1458 0.0066222
1459 0.0074674
1460 0.0066257
1461 0.0071300
1462 0.0061041
1463 0.0062926
1464 0.0062301
1465 0.0064390
1466 0.0066190
1467 0.0066067
1468 0.0076556
1469 0.0072653
1470 0.0076045
1471 0.0069138
1472 0.0065832
1473 0.0071426
1474 0.0064280
1475 0.0068984
1476 0.0067608
1477 0.0068647
1478 0.0063200
1479 0.0067216
1480 0.0073871
1481 0.0085627
1482 0.0098908
1483 0.0062676
1484 0.0075773
1485 0.0097992
1486 0.0070532
1487 0.0078134
1488 0.0070829
1489 0.0087353
1490 0.0063181
1491 0.0072259
1492 0.0060914
1493 0.0066218
1494 0.0062773
1495 0.0066425
1496 0.0096174
1497 0.0082796
1498 0.0065903
1499 0.0067387
1500 0.0066569
1501 0.0072791
1502 0.0071242
1503 0.0076917
1504 0.0081514
1505 0.0069100
1506 0.0070139
1507 0.0070603
1508 0.0066834
1509 0.0067958
1510 0.0067408
1511 0.0097894
1512 0.0068955
1513 0.0067072
1514 0.0069839
1515 0.0067815
1516 0.0073347
1517 0.0072465
1518 0.0068611
1519 0.0066946
1520 0.0069114
1521 0.0072555
1522 0.0068819
1523 0.0073011
1524 0.0072880
1525 0.0064895
1526 0.0064063
1527 0.0063856
1528 0.0071941
1529 0.0075258
1530 0.0072516
1531 0.0067483
1532 0.0076154
1533 0.0064617
1534 0.0074338
1535 0.0070530
1536 0.0071257
1537 0.0075671
1538 0.0084534
1539 0.0078319
1540 0.0081551
1541 0.0075997
1542 0.0077152
1543 0.0059204
1544 0.0080201
1545 0.0079201
1546 0.0085133
1547 0.0074723
1548 0.0079493
1549 0.0079140
1550 0.0104831
1551 0.0082395
1552 0.0073731
1553 0.0083602
1554 0.0075013
1555 0.0079358
1556 0.0076115
1557 0.0102082
1558 0.0084093
1559 0.0078062
1560 0.0082092
1561 0.0083935
1562 0.0081067
1563 0.0086815
1564 0.0090510
1565 0.0101364
1566 0.0091975
1567 0.0087767
1568 0.0081664
1569 0.0083062
1570 0.0097634
1571 0.0081795
1572 0.0085555
1573 0.0084243
1574 0.0076330
1575 0.0083776
1576 0.0108242
1577 0.0092751
1578 0.0081662
1579 0.0081964
1580 0.0079719
1581 0.0074648
1582 0.0077095
1583 0.0101447
1584 0.0112835
1585 0.0094657
1586 0.0090668
1587 0.0081452
1588 0.0083076
1589 0.0086870
1590 0.0090592
1591 0.0091679
1592 0.0094215
1593 0.0092479
1594 0.0078124
1595 0.0081419
1596 0.0151114
1597 0.0089889
1598 0.0100474
1599 0.0094276
1600 0.0060343
1601 0.0100878
1602 0.0095207
1603 0.0085963
1604 0.0081936
1605 0.0086896
1606 0.0084554
1607 0.0067884
1608 0.0091456
1609 0.0081424
1610 0.0087337
1611 0.0085109
1612 0.0062612
1613 0.0075464
1614 0.0080084
1615 0.0074861
1616 0.0083613
1617 0.0068904
1618 0.0079307
1619 0.0074978
1620 0.0082490
1621 0.0087225
1622 0.0084890
1623 0.0086481
1624 0.0106908
1625 0.0060368
1626 0.0063464
1627 0.0069840
1628 0.0090350
1629 0.0084622
1630 0.0082413
1631 0.0095801
1632 0.0073878
1633 0.0082592
1634 0.0087104
1635 0.0081748
1636 0.0089059
1637 0.0077421
1638 0.0086612
1639 0.0090963
1640 0.0066750
1641 0.0093340
1642 0.0089340
1643 0.0066116
1644 0.0071078
1645 0.0116756
1646 0.0125509
1647 0.0092470
1648 0.0109581
1649 0.0099105
1650 0.0069181
1651 0.0093037
1652 0.0091442
1653 0.0095524
1654 0.0073114
1655 0.0101152
1656 0.0102618
1657 0.0110652
1658 0.0087481
1659 0.0094628
1660 0.0090655
1661 0.0099016
1662 0.0107168
1663 0.0081100
1664 0.0075893
1665 0.0085767
1666 0.0087709
1667 0.0063368
1668 0.0084501
1669 0.0083172
1670 0.0081535
1671 0.0066338
1672 0.0058843
1673 0.0081323
1674 0.0080299
1675 0.0091386
1676 0.0119538
1677 0.0091159
1678 0.0101818
1679 0.0089521
1680 0.0097118
1681 0.0077946
1682 0.0073560
1683 0.0074634
1684 0.0074261
1685 0.0081170
1686 0.0088208
1687 0.0087379
1688 0.0088677
1689 0.0088578
1690 0.0067827
1691 0.0062954
1692 0.0089358
1693 0.0092058
1694 0.0087128
1695 0.0102665
1696 0.0090600
1697 0.0065000
1698 0.0063775
1699 0.0064645
1700 0.0105770
1701 0.0065404
1702 0.0099561
1703 0.0074134
1704 0.0064255
1705 0.0099062
1706 0.0075947
1707 0.0094681
1708 0.0088667
1709 0.0101197
1710 0.0081827
1711 0.0070807
1712 0.0067534
1713 0.0092560
1714 0.0097935
1715 0.0080058
1716 0.0106230
1717 0.0069185
1718 0.0084466
1719 0.0080311
1720 0.0065614
1721 0.0097074
1722 0.0095064
1723 0.0091916
1724 0.0097674
1725 0.0129119
1726 0.0068476
1727 0.0106140
1728 0.0074615
1729 0.0074495
1730 0.0074227
1731 0.0073485
1732 0.0105453
1733 0.0098777
1734 0.0091565
1735 0.0074640
1736 0.0107136
1737 0.0097632
1738 0.0095218
1739 0.0074404
1740 0.0064676
1741 0.0112180
1742 0.0067629
1743 0.0068379
1744 0.0075891
1745 0.0081359
1746 0.0081385
1747 0.0074622
1748 0.0101612
1749 0.0087133
1750 0.0104348
1751 0.0109248
1752 0.0097640
1753 0.0120171
1754 0.0100812
1755 0.0098549
1756 0.0112515
1757 0.0078177
1758 0.0112424
1759 0.0104165
1760 0.0103353
1761 0.0072450
1762 0.0113204
1763 0.0103470
1764 0.0099959
1765 0.0093668
1766 0.0113289
1767 0.0105467
1768 0.0091054
1769 0.0102995
1770 0.0102262
1771 0.0073577
1772 0.0111450
1773 0.0103752
1774 0.0114393
1775 0.0080033
1776 0.0102802
1777 0.0078872
1778 0.0116348
1779 0.0106414
1780 0.0085409
1781 0.0088022
1782 0.0089064
1783 0.0080809
1784 0.0086179
1785 0.0086213
1786 0.0112725
1787 0.0079482
1788 0.0091752
1789 0.0086393
1790 0.0146019
1791 0.0082013
1792 0.0092957
1793 0.0199321
1794 0.0122164
1795 0.0101804
1796 0.0111038
1797 0.0087819
1798 0.0122694
1799 0.0094405
1800 0.0082406
1801 0.0086256
1802 0.0085123
1803 0.0116307
1804 0.0081028
1805 0.0113430
1806 0.0154038
1807 0.0092183
1808 0.0089251
1809 0.0082811
1810 0.0118317
1811 0.0109994
1812 0.0129249
1813 0.0108119
1814 0.0079261
1815 0.0109729
1816 0.0101047
1817 0.0087049
1818 0.0091214
1819 0.0105467
1820 0.0092016
1821 0.0088757
1822 0.0087578
1823 0.0088662
1824 0.0119690
1825 0.0082773
1826 0.0097919
1827 0.0118363
1828 0.0127580
1829 0.0107525
1830 0.0117040
1831 0.0146893
1832 0.0093713
1833 0.0092504
1834 0.0086403
1835 0.0100614
1836 0.0093946
1837 0.0131857
1838 0.0102490
1839 0.0097987
1840 0.0123275
1841 0.0118693
1842 0.0094160
1843 0.0120600
1844 0.0100541
1845 0.0114135
1846 0.0110479
1847 0.0081117
1848 0.0118551
1849 0.0108962
1850 0.0093062
1851 0.0104500
1852 0.0106331
1853 0.0119879
1854 0.0113170
1855 0.0099418
1856 0.0105193
1857 0.0111481
1858 0.0094485
1859 0.0090486
1860 0.0116101
1861 0.0099738
1862 0.0122130
1863 0.0141582
1864 0.0097662
1865 0.0114146
1866 0.0129505
1867 0.0122134
1868 0.0128233
1869 0.0098096
1870 0.0099406
1871 0.0128414
1872 0.0125384
1873 0.0094699
1874 0.0103511
1875 0.0097917
1876 0.0116824
1877 0.0113309
1878 0.0114561
1879 0.0122412
1880 0.0096293
1881 0.0128825
1882 0.0100299
1883 0.0097123
1884 0.0114510
1885 0.0116544
1886 0.0109311
1887 0.0134127
1888 0.0115932
1889 0.0105669
1890 0.0101711
1891 0.0128922
1892 0.0112179
1893 0.0129037
1894 0.0113750
1895 0.0112293
1896 0.0116381
1897 0.0113795
1898 0.0125041
1899 0.0113948
1900 0.0114165
1901 0.0158571
1902 0.0114374
1903 0.0121304
1904 0.0111859
1905 0.0108514
1906 0.0119828
1907 0.0098756
1908 0.0132481
1909 0.0101986
1910 0.0114577
1911 0.0113694
1912 0.0116533
1913 0.0149857
1914 0.0119675
1915 0.0105325
1916 0.0101511
1917 0.0110832
1918 0.0109899
1919 0.0102626
1920 0.0119745
1921 0.0105616
1922 0.0109465
1923 0.0105238
1924 0.0115424
1925 0.0128962
1926 0.0116059
1927 0.0122595
1928 0.0111631
1929 0.0125849
1930 0.0115224
1931 0.0121107
1932 0.0109895
1933 0.0146354
1934 0.0117634
1935 0.0144718
1936 0.0130733
1937 0.0124294
1938 0.0165823
1939 0.0121901
1940 0.0144141
1941 0.0117268
1942 0.0136613
1943 0.0119335
1944 0.0115844
1945 0.0121928
1946 0.0115772
1947 0.0154933
1948 0.0129370
1949 0.0125161
1950 0.0126119
1951 0.0122203
1952 0.0127978
1953 0.0128141
1954 0.0111111
1955 0.0123221
1956 0.0131976
1957 0.0140349
1958 0.0126739
1959 0.0111982
1960 0.0134374
1961 0.0122521
1962 0.0134003
1963 0.0138387
1964 0.0118351
1965 0.0145507
1966 0.0132940
1967 0.0115992
1968 0.0118646
1969 0.0114075
1970 0.0117836
1971 0.0148722
1972 0.0130862
1973 0.0122091
1974 0.0140395
1975 0.0117790
1976 0.0135604
1977 0.0132294
1978 0.0120495
1979 0.0123659
1980 0.0118010
1981 0.0128854
1982 0.0128925
1983 0.0133884
1984 0.0121951
1985 0.0131977
1986 0.0142476
1987 0.0114600
1988 0.0127203
1989 0.0128866
1990 0.0139489
1991 0.0128193
1992 0.0121369
1993 0.0142329
1994 0.0133183
1995 0.0128453
1996 0.0124644
1997 0.0124656
1998 0.0125956
1999 0.0139626
2000 0.0119766
